5095
5353
5268
5158
5330
4837
5305
5198
5250
5067
5203
5159
5261
5191
5644
5107
5249
5293
4697
5341
5480
4787
5077
4998
5270
5419
5490
5364
5249
5171
5135
5091
5497
5179
5077
5283
5093
5117
5437
5231
5123
4897
5113
5213
5336
5207
4617
5187
4848
5181
5038
5177
4738
5153
5669
5021
4955
5065
5169
4869
4981
5590
5036
4896
5311
5139
5261
5189
4821
5485
5061
5159
5083
5061
5207
5042
5247
4824
4973
4961
5109
5184
5373
5060
5167
5267
5372
5139
5385
5083
5233
4819
4677
5203
4963
5124
5402
4782
5013
5165
4979
5187
5049
5246
4867
5187
5067
5129
5215
5197
4827
5177
5051
4981
5215
5278
4775
5059
5184
5111
5038
5183
5351
5383
5015
4801
5353
5271
5194
5618
4910
5263
5336
5213
5180
5105
4941
4799
5023
5519
5171
5263
5293
5107
5372
5151
5073
5469
4915
5195
5142
5218
5317
4903
5253
4873
5195
4851
4885
5167
4741
5311
5136
5248
4909
5147
4869
4927
4719
5103
5147
5115
4675
5209
4815
5201
4885
5456
4660
4915
5055
5142
5200
5438
5039
5203
5829
4969
5256
5161
5328
5205
5186
5025
5191
5507
5391
5219
5099
5227
4752
4927
5015
5283
5205
5071
4901
4657
5360
5275
4979
5113
5119
5095
5069
5200
5143
5399
4987
5265
5107
5067
5000
5281
5132
5167
5139
5037
5260
5351
5476
4949
5013
4881
4965
5281
5373
5208
5203
4881
5310
5017
5321
5103
5211
5314
4807
5263
5257
4852
4941
5269
5027
5073
5336
5545
5141
4985
5091
4865
4916
5279
5311
5303
5040
5499
4949
5324
5350
5331
5245
5131
5253
5223
4939
5160
5259
5173
5031
5025
5377
5157
5059
5147
4733
4805
4996
5217
5367
5323
5483
5099
4727
5237
5105
5206
5191
5181
5267
4913
4989
5023
5119
4903
5435
4943
4979
5248
4975
5214
5001
5243
5305
5474
5362
5341
4817
5153
5111
5189
5267
5012
5189
5182
5393
4845
5304
5301
5151
5307
5164
4821
5059
5152
5393
5044
5205
5005
4983
4895
5275
5261
4929
4931
4929
5095
4768
4979
4967
5344
5180
5414
5362
4938
5337
5069
4913
5252
4833
5222
5111
4918
5212
5397
5283
4877
5517
5327
5299
4803
5088
5113
5231
5261
5325
5195
5139
4969
4883
5270
5261
4717
5273
4949
5141
4796
4828
4973
5348
4887
5213
5379
5586
4927
5147
5200
5077
5305
5379
5049
5315
5495
5240
4983
4919
5052
5010
4815
5277
5133
5283
5047
5231
4973
4811
5057
5255
5243
5093
5031
5058
5002
5189
4962
5053
5305
5281
5405
4933
4901
5149
5391
5217
5033
5081
5210
5067
5133
5331
5395
5279
5096
4949
5155
5419
5269
4749
5045
5221
5071
5201
4905
5346
5227
5045
4923
5126
4833
5025
5499
5223
4989
5047
4765
5057
5015
5370
5137
4883
4983
5203
5229
4962
4815
5501
5173
5083
5005
5181
5031
5185
5495
5137
4836
5030
5259
5101
5001
5067
5087
5059
5141
5277
5159
5415
5099
5089
5027
5087
5076
5061
5451
5283
5344
5191
4793
5065
5263
5176
5437
5611
5299
5267
5154
4811
4735
4971
4921
5368
5013
5523
5431
5489
5033
5254
5487
5315
4939
5459
5253
5187
5121
5075
5117
4957
5071
5735
5239
5363
4982
5007
5042
5563
4865
4931
5483
5166
5623
4599
4865
5258
5067
5011
5101
4805
5313
5395
5430
4989
5049
4925
5001
5031
5147
5207
5225
5034
5061
5139
5185
5125
5231
5097
4979
5379
5087
4829
4865
5435
5372
5192
5507
5245
5406
5203
5499
5100
4723
5057
4975
4980
4639
4987
5215
5151
4981
5033
5199
4781
5530
4865
5203
4825
4972
5477
4831
5113
4861
5009
5015
5123
5815
5433
4892
5225
5471
5159
4949
5281
4971
5085
5083
4879
5210
4883
5031
4971
4776
5273
4919
5297
5083
5147
5035
5033
5627
5327
4925
4923
5293
5159
5203
4839
4847
4552
4937
5147
5501
5293
5149
5299
5576
5203
5379
5233
5351
5059
5123
5364
5083
5339
5161
4947
5269
4699
5129
5389
4969
4948
5781
5093
5265
5045
5167
5383
5115
4864
4753
5425
5497
5001
5127
5207
4830
5000
4915
5209
5213
5085
5013
4919
5075
4745
4751
4871
4977
5241
4941
5467
5651
5339
4873
4786
4789
5017
4811
4841
5113
5031
5031
5183
5159
4817
5181
5473
5167
5089
4965
5443
5163
5031
5111
5182
5141
5409
4897
4967
5159
5093
5065
4977
5239
5119
5220
5189
5038
5257
4831
4921
5083
5469
4923
5523
5117
5107
5155
5045
5159
5187
4908
5071
5121
4883
4969
5267
4784
5091
5171
5001
5423
5205
4932
5329
4627
5091
5257
5342
4985
5057
5015
5083
4905
5121
5033
5074
5189
5272
5457
5165
4933
4981
4927
4594
5485
5343
4887
5007
5337
4997
5415
5173
4967
5229
5178
5484
5008
5357
5201
5003
5274
5103
5279
5221
5243
5306
5191
4997
5315
5029
4959
4986
5243
5053
5051
5273
4919
5355
5185
5385
5009
5214
4851
5221
4965
5351
5477
5387
5163
5019
5263
5309
5260
5033
5285
5013
5068
5395
4937
5155
4985
4767
5123
5465
5219
4945
5142
5109
5002
5355
4825
5337
5263
5365
4987
5224
5497
5280
4945
5561
4983
5161
5123
5195
4715
5237
5172
5599
5072
4977
5207
5041
5013
5151
5205
4867
5147
5207
4959
5184
4723
5124
5049
5045
5329
5003
5199
5157
4751
5375
5217
5063
5157
5363
5197
5007
4907
5029
5223
5171
4887
4833
5237
5109
5081
5319
4793
5237
5498
5173
5306
5007
4573
5285
4977
5117
5081
4953
4897
5429
5237
5071
5012
5446
5115
4867
5107
5183
5627
5271
4897
5053
5087
5388
5289
4805
4949
4947
4994
5236
5236
5142
5215
4917
5347
5257
5051
5000
5149
5299
5049
5091
4965
5297
5141
4907
5064
4942
5321
5339
5411
5079
5179
5151
4897
5151
5343
5153
4950
5017
5457
5127
5263
5195
5458
5150
5073
5167
5437
4941
4993
5327
5179
4953
4841
4763
5072
4857
5339
4925
5127
5361
5053
5039
4815
4912
5190
5335
5310
4675
5363
