0;	10000;
1;	10000;
2;	10000;
3;	10000;
4;	10000;
5;	10000;
6;	10000;
7;	10000;
8;	10000;
9;	10000;
10;	10000;
11;	10000;
12;	10000;
13;	10000;
14;	10000;
15;	10000;
16;	10000;
17;	10000;
18;	10000;
19;	10000;
20;	10000;
21;	10000;
22;	10000;
23;	10000;
24;	10000;
25;	10000;
26;	10000;
27;	10000;
28;	10000;
29;	10000;
30;	10000;
31;	10000;
32;	10000;
33;	10000;
34;	10000;
35;	10000;
36;	10000;
37;	10000;
38;	10000;
39;	10000;
40;	10000;
41;	10000;
42;	10000;
43;	10000;
44;	10000;
45;	10000;
46;	10000;
47;	10000;
48;	10000;
49;	10000;
50;	10000;
51;	10000;
52;	10000;
53;	10000;
54;	10000;
55;	10000;
56;	10000;
57;	10000;
58;	10000;
59;	10000;
60;	10000;
61;	10000;
62;	10000;
63;	10000;
64;	10000;
65;	10000;
66;	10000;
67;	10000;
68;	10000;
69;	10000;
70;	10000;
71;	10000;
72;	10000;
73;	10000;
74;	10000;
75;	10000;
76;	10000;
77;	10000;
78;	10000;
79;	10000;
80;	10000;
81;	10000;
82;	10000;
83;	10000;
84;	10000;
85;	10000;
86;	10000;
87;	10000;
88;	10000;
89;	10000;
90;	10000;
91;	10000;
92;	10000;
93;	10000;
94;	10000;
95;	10000;
96;	10000;
97;	10000;
98;	10000;
99;	10000;
100;	10000;
101;	10000;
102;	10000;
103;	10000;
104;	10000;
105;	10000;
106;	10000;
107;	10000;
108;	10000;
109;	10000;
110;	10000;
111;	10000;
112;	10000;
113;	10000;
114;	10000;
115;	10000;
116;	10000;
117;	10000;
118;	10000;
119;	10000;
120;	10000;
121;	10000;
122;	10000;
123;	10000;
124;	10000;
125;	10000;
126;	10000;
127;	10000;
128;	10000;
129;	10000;
130;	10000;
131;	10000;
132;	10000;
133;	10000;
134;	10000;
135;	10000;
136;	10000;
137;	10000;
138;	10000;
139;	10000;
140;	10000;
141;	10000;
142;	10000;
143;	10000;
144;	10000;
145;	10000;
146;	10000;
147;	10000;
148;	10000;
149;	10000;
149;	10000;
150;	10000;
151;	10000;
152;	10000;
153;	10000;
154;	10000;
155;	10000;
156;	10000;
157;	10000;
158;	10000;
159;	10000;
160;	10000;
161;	10000;
162;	10000;
163;	10000;
164;	10000;
165;	10000;
166;	10000;
167;	10000;
168;	10000;
169;	10000;
170;	10000;
171;	10000;
172;	10000;
173;	10000;
174;	10000;
175;	10000;
176;	10000;
177;	10000;
178;	10000;
179;	10000;
179;	4921;
180;	4921;
181;	4921;
182;	4921;
183;	4921;
184;	4921;
185;	4921;
186;	4921;
187;	4921;
188;	4921;
189;	4921;
190;	4921;
191;	4921;
192;	4921;
193;	4921;
194;	4921;
195;	4921;
196;	4921;
197;	4921;
198;	4921;
199;	4921;
200;	4921;
201;	4921;
202;	4921;
203;	4921;
204;	4921;
205;	4921;
206;	4921;
207;	4921;
208;	4921;
209;	4921;
210;	4921;
211;	4921;
212;	4921;
213;	4921;
214;	4921;
215;	4921;
216;	4921;
217;	4921;
218;	4921;
219;	4921;
220;	4921;
221;	4921;
222;	4921;
223;	4921;
224;	4921;
225;	4921;
226;	4921;
227;	4921;
228;	4921;
229;	4921;
230;	4921;
231;	4921;
232;	4921;
233;	4921;
234;	4921;
235;	4921;
236;	4921;
236;	4911;
237;	4911;
238;	4911;
239;	4911;
240;	4911;
241;	4911;
242;	4911;
243;	4911;
244;	4911;
245;	4911;
246;	4911;
247;	4911;
248;	4911;
249;	4911;
250;	4911;
251;	4911;
252;	4911;
253;	4911;
254;	4911;
255;	4911;
256;	4911;
257;	4911;
258;	4911;
259;	4911;
260;	4911;
261;	4911;
262;	4911;
263;	4911;
264;	4911;
265;	4911;
266;	4911;
267;	4911;
268;	4911;
269;	4911;
270;	4911;
271;	4911;
272;	4911;
273;	4911;
274;	4911;
275;	4911;
276;	4911;
277;	4911;
278;	4911;
279;	4911;
280;	4911;
281;	4911;
282;	4911;
283;	4911;
284;	4911;
285;	4911;
286;	4911;
287;	4911;
288;	4911;
289;	4911;
290;	4911;
291;	4911;
292;	4911;
293;	4911;
294;	4911;
295;	4911;
296;	4911;
297;	4911;
298;	4911;
299;	4911;
300;	4911;
301;	4911;
302;	4911;
303;	4911;
304;	4911;
305;	4911;
306;	4911;
307;	4911;
308;	4911;
309;	4911;
310;	4911;
311;	4911;
312;	4911;
313;	4911;
314;	4911;
315;	4911;
316;	4911;
317;	4911;
318;	4911;
319;	4911;
320;	4911;
321;	4911;
322;	4911;
323;	4911;
324;	4911;
325;	4911;
326;	4911;
327;	4911;
328;	4911;
329;	4911;
330;	4911;
331;	4911;
332;	4911;
333;	4911;
334;	4911;
335;	4911;
336;	4911;
337;	4911;
338;	4911;
339;	4911;
340;	4911;
341;	4911;
342;	4911;
343;	4911;
344;	4911;
345;	4911;
346;	4911;
347;	4911;
348;	4911;
349;	4911;
350;	4911;
351;	4911;
352;	4911;
353;	4911;
354;	4911;
355;	4911;
356;	4911;
357;	4911;
358;	4911;
359;	4911;
360;	4911;
361;	4911;
362;	4911;
363;	4911;
364;	4911;
365;	4911;
366;	4911;
367;	4911;
368;	4911;
369;	4911;
370;	4911;
371;	4911;
372;	4911;
373;	4911;
374;	4911;
375;	4911;
376;	4911;
376;	4875;
377;	4875;
378;	4875;
379;	4875;
380;	4875;
381;	4875;
382;	4875;
383;	4875;
384;	4875;
385;	4875;
386;	4875;
387;	4875;
388;	4875;
389;	4875;
390;	4875;
391;	4875;
392;	4875;
393;	4875;
394;	4875;
395;	4875;
396;	4875;
397;	4875;
398;	4875;
399;	4875;
400;	4875;
401;	4875;
402;	4875;
403;	4875;
404;	4875;
405;	4875;
406;	4875;
407;	4875;
408;	4875;
409;	4875;
410;	4875;
411;	4875;
412;	4875;
413;	4875;
414;	4875;
415;	4875;
416;	4875;
417;	4875;
418;	4875;
419;	4875;
420;	4875;
421;	4875;
422;	4875;
423;	4875;
424;	4875;
425;	4875;
426;	4875;
427;	4875;
428;	4875;
429;	4875;
430;	4875;
431;	4875;
432;	4875;
433;	4875;
434;	4875;
435;	4875;
436;	4875;
437;	4875;
438;	4875;
439;	4875;
440;	4875;
441;	4875;
442;	4875;
443;	4875;
444;	4875;
445;	4875;
446;	4875;
447;	4875;
448;	4875;
449;	4875;
450;	4875;
451;	4875;
452;	4875;
453;	4875;
454;	4875;
455;	4875;
456;	4875;
457;	4875;
458;	4875;
459;	4875;
460;	4875;
461;	4875;
462;	4875;
463;	4875;
464;	4875;
465;	4875;
466;	4875;
467;	4875;
468;	4875;
469;	4875;
470;	4875;
471;	4875;
472;	4875;
473;	4875;
474;	4875;
475;	4875;
476;	4875;
477;	4875;
478;	4875;
479;	4875;
480;	4875;
481;	4875;
482;	4875;
483;	4875;
484;	4875;
485;	4875;
486;	4875;
487;	4875;
488;	4875;
489;	4875;
490;	4875;
491;	4875;
492;	4875;
493;	4875;
494;	4875;
495;	4875;
496;	4875;
497;	4875;
498;	4875;
499;	4875;
500;	4875;
